$ID
< table of extent 0 >

$`6232_6232`

     0      1      2 
241433  79968  36798 

$`6421_6421`

     0      1      2 
235255  87517  35427 

$`6474_6474`

     0      1      2 
208431 112022  37746 

$`6494_6494`

     0      1      2 
210380 109551  38268 

$`6504_6504`

     0      1      2 
240931  75864  41404 

$`6509_6509`

     0      1      2 
237540  84194  36465 

$`6516_6516`

     0      1      2 
240796  78140  39263 

$`6517_6517`

     0      1      2 
244275  75798  38126 

$`6532_6532`

     0      1      2 
233744  88838  35617 

$HDL011_HDL011

     0      1      2 
216111 110861  31227 

$HDL112_HDL112

     0      1      2 
229395  92943  35861 

$`2:6232_6232`

     0      1      2 
241433  79968  36798 

$`2:6421_6421`

     0      1      2 
235255  87517  35427 

$`2:6474_6474`

     0      1      2 
208431 112022  37746 

$`2:6494_6494`

     0      1      2 
210380 109551  38268 

$`2:6504_6504`

     0      1      2 
240931  75864  41404 

$`2:6509_6509`

     0      1      2 
237540  84194  36465 

$`2:6516_6516`

     0      1      2 
240796  78140  39263 

$`2:6517_6517`

     0      1      2 
244275  75798  38126 

$`2:6532_6532`

     0      1      2 
233744  88838  35617 

$`2:HDL011_HDL011`

     0      1      2 
216111 110861  31227 

$`2:HDL112_HDL112`

     0      1      2 
229395  92943  35861 

